P08-R01-PastaSalad-733843-734784-F017610-F017637 1 1 1
P21-R04-ContinentalBreakfast-291175-294945-F006979-F007088 1 1 1 1
P21-R04-ContinentalBreakfast-551908-569222-F013204-F013703 1 1 1
P21-R04-ContinentalBreakfast-291175-294945-F006979-F007088 1 1 1
P21-R04-ContinentalBreakfast-551908-569222-F013204-F013703 1 1 1
P21-R04-ContinentalBreakfast-291175-294945-F006979-F007088 1 1 1
P21-R04-ContinentalBreakfast-551908-569222-F013204-F013703 1 1 1
P21-R04-ContinentalBreakfast-291175-294945-F006979-F007088 1 1 1
P21-R04-ContinentalBreakfast-551908-569222-F013204-F013703 1 1 1
P21-R04-ContinentalBreakfast-291175-294945-F006979-F007088 1 1 1
P21-R04-ContinentalBreakfast-551908-569222-F013204-F013703 1 1 1
P21-R04-ContinentalBreakfast-291175-294945-F006979-F007088 1 1 1
P21-R04-ContinentalBreakfast-551908-569222-F013204-F013703 1 1 1
P21-R04-ContinentalBreakfast-291175-294945-F006979-F007088 1 1 1
P21-R04-ContinentalBreakfast-551908-569222-F013204-F013703 1 1 1